[-2.1557720e-05 -1.5458829e-05  1.2666348e-04  9.4661758e-05
  2.8482638e-02  1.8647610e-01  4.7995898e-04  1.3979858e-03
  4.4616148e-02  4.5875672e-02  5.0444003e-02  5.2574083e-02
  7.6114096e-02  8.2751110e-02  8.2533732e-02  8.3922490e-02
  8.2764462e-02  5.9669822e-02]
____________________________________________________________
[0.15752424 0.15763956 0.42342424 0.41814595 2.777361   8.940067
 2.7208624  1.484532   0.06893244 0.0655082  0.07437851 0.0757706
 0.0926284  0.10997296 0.10793569 0.12283914 0.10512207 0.08932678]
____________________________________________________________

